  T1: 6.81
T2: 8.27
T3: 9.01
N1: 3
N2: 3
H: 1
i: [0, 1, 2, 3, 4, 5]
xi: [5, 6, 7, 8, 9, 10]
yi: [1.7956234901758679, 3.521384230796916, 6.528862989673076, 11.649537508286057, 20.25428282513045, 34.60328977564414]

LAGRANGE
--------------------------------------------------------------------
Ln(T1) = 5.820211222616972 nodes [5, 6, 7, 8]
f(T1) = 5.82607393097944
Rn(T1) = 0.001060752672000002
|f(T1) - L3(T1)| = 0.005862708362467828
--------------------------------------------------------------------
Ln(T2) = 13.572271345499859 nodes [6, 7, 8, 9]
f(T2) = 13.554897767616374
Rn(T2) = 0.0008768820833333318
|f(T2) - L3(T2)| = 0.01737357788348426
--------------------------------------------------------------------
Ln(T3) = 20.365572191521668 nodes [7, 8, 9, 10]
f(T3) = 20.364586012217273
Rn(T3) = 1.6741349437733917e-05
|f(T3) - L3(T3)| = 0.0009861793043945966
--------------------------------------------------------------------

NEWTON
--------------------------------------------------------------------
Nn(T1) = 5.820211222616972 nodes [5, 6, 7, 8]
f(T1) = 5.82607393097944
Rn(T1) = 0.001060752672000002
|f(T1) - N3(T1)| = 0.005862708362467828
--------------------------------------------------------------------
Nn(T2) = 13.572271345499859 nodes [6, 7, 8, 9]
f(T2) = 13.554897767616374
Rn(T2) = 0.0008768820833333318
|f(T2) - N3(T2)| = 0.01737357788348426
--------------------------------------------------------------------
Nn(T3) = 20.36557219152166 nodes [7, 8, 9, 10]
f(T3) = 20.364586012217273
Rn(T3) = 1.6741349437733917e-05
|f(T3) - N3(T3)| = 0.0009861793043874911
--------------------------------------------------------------------
